10+20

10:		    0000 0000 0000 0000 0000 0000 0000 1010
20: 		0000 0000 0000 0000 0000 0000 0001 0100

res=30:	    0000 0000 0000 0000 0000 0000 0001 1110


Z:0; N:0; C:0; V:0 



10-20 <-> 10 + (-20)

Inverso aditivo para -20
invierto: 	1111 1111 1111 1111 1111 1111 1110 1011
+1:		    1111 1111 1111 1111 1111 1111 1110 1100

10:		    0000 0000 0000 0000 0000 0000 0000 1010
-20:		1111 1111 1111 1111 1111 1111 1110 1100

resta=-10:	1111 1111 1111 1111 1111 1111 1111 0110

10<20 -> C=1
Z:0; N:1; C:1; V:0



10 - 10 <-> 10 + (-10)

Inverso aditivo para -10
invierto:	1111 1111 1111 1111 1111 1111 1111 0101
+1:		    1111 1111 1111 1111 1111 1111 1111 0110

10:		    0000 0000 0000 0000 0000 0000 0000 1010
-10: 		1111 1111 1111 1111 1111 1111 1111 0110

resta: 		0000 0000 0000 0000 0000 0000 0000 0000

10<10 ABSURDO -> C:0
Z:1; N:0; C:0; V:0



32'hFFFF_FFFF+1

hFFFF_FFFF: 1111 1111 1111 1111 1111 1111 1111 1111
1:          0000 0000 0000 0000 0000 0000 0000 0001

res=      1 0000 0000 0000 0000 0000 0000 0000 0000

Z:1; N:0; C:1; V:0



32'h7FFF_FFFF+1

h7FFF_FFFF: 0111 1111 1111 1111 1111 1111 1111 1111
1:          0000 0000 0000 0000 0000 0000 0000 0001

res=        1000 0000 0000 0000 0000 0000 0000 0000

Z:0; N:1; C:0; V:1



32'h8000_0000−1


Inverso aditivo para -1:
invierto:   1111 1111 1111 1111 1111 1111 1111 1110
+1:         1111 1111 1111 1111 1111 1111 1111 1111

h8000_0000: 1000 0000 0000 0000 0000 0000 0000 0000
-1:         1111 1111 1111 1111 1111 1111 1111 1111

res=      1 0111 1111 1111 1111 1111 1111 1111 1111 

Z:0; N:0; C:0; V:1;